[-0.002992198909984683, 0.002814091832009404, 1.0]
[-0.006854099362612416, 0.004103728280799791, 1.0]
[0.11060606060606061, -0.022727272727272728, 1.0]
[-0.02410117721921731, 0.009863188036907413, 1.0]
[0.33816425120772947, -0.1111111111111111, 1.0]
[-0.057923076923076924, 0.015769230769230768, 1.0]
[-0.08696275071633237, 0.025071633237822348, 1.0]
[-0.051592754528419736, 0.013741411617738912, 1.0]
[-0.052214186017002916, 0.01446516939474686, 1.0]
[-0.0797972654408298, 0.02333804809052334, 1.0]
[-0.04618318643368899, 0.012525127570743776, 1.0]
[0.004508435136707388, -0.0037812681791739382, 1.0]
[0.001345029239766082, -0.003216374269005848, 1.0]
[0.030837157558058683, -0.008482825754415241, 1.0]
[-0.008124911685742546, 2.8260562385191464E-4, 1.0]
[-0.011803185437997724, 9.954493742889647E-4, 1.0]
[0.022169795535923433, -0.0055884616671686245, 1.0]
[0.009707804690503653, -0.004709727028066129, 1.0]
[-0.042955755156353956, 0.012350299401197605, 1.0]
[-0.06825176977531548, 0.020544783010156973, 1.0]
[-0.03739771420842632, 0.010549807263136538, 1.0]
[-0.0020973154362416107, -8.855331841909023E-4, 1.0]
[-0.036776832244871036, 0.009499307342172967, 1.0]
[0.11060606060606061, -0.022727272727272728, 1.0]
[-0.041733226837060704, 0.010583067092651758, 1.0]
[0.00309817781245697, 7.802818194336072E-4, 1.0]
[0.11060606060606061, -0.022727272727272728, 1.0]
[-0.028709481712601837, 0.007735309412376495, 1.0]
[0.11060606060606061, -0.022727272727272728, 1.0]
[0.11060606060606061, -0.022727272727272728, 1.0]
[0.11060606060606061, -0.022727272727272728, 1.0]
